1.Temperature[°C] 1.Time[s] 1.Conversion[-] 1.Conversion_rate[1/s] 2.Temperature[°C] 2.Time[s] 2.Conversion[-] 2.Conversion_rate[1/s] 3.Temperature[°C] 3.Time[s] 3.Conversion[-] 3.Conversion_rate[1/s] 4.Temperature[°C] 4.Time[s] 4.Conversion[-] 4.Conversion_rate[1/s]
78.416 1323.6 -0.0002287 9.931e-05 78.771 634.9998 0.001014 3.922e-05 81.307 435 0.0001468 0.0001443 76.663 279.4002 -0.0008481 0.0002377
78.74968 1333.39 0.0003434 1.652e-05 79.19996 638.9717 0.0009304 -6.756e-05 81.66421 436.6734 0.0004289 0.0001736 77.01362 280.4082 -0.0008045 -0.0001399
79.04211 1343.18 0.0001039 -3.19e-05 79.65651 642.9435 0.0006175 5.71e-05 82.04969 438.3467 0.0006351 9.065e-06 77.38348 281.4163 -0.0009252 -6.928e-05
79.38274 1352.97 0.0002014 5.449e-05 80.1037 646.9154 0.0009532 -2.9e-05 82.40446 440.0201 0.0003917 -0.0001999 77.7369 282.4243 -0.0006203 -3.557e-05
79.70911 1362.76 0.0001398 -7.579e-05 80.54609 650.8872 0.0003324 -4.279e-05 82.77639 441.6935 0.0007649 0.0003206 78.097 283.4324 -0.0005887 0.000656
80.00453 1372.55 -0.0003162 -5.869e-06 80.9862 654.8591 0.000587 4.195e-05 83.12693 443.3668 0.0007544 -0.0003023 78.46018 284.4404 -0.0007012 -0.0006033
80.33638 1382.34 1.844e-05 5.296e-05 81.4272 658.831 0.0004824 1.916e-05 83.50788 445.0402 0.000424 -0.0002171 78.80415 285.4484 -1.279e-05 0.001412
80.65111 1392.13 0.0006284 3.373e-05 81.87129 662.8028 0.0005919 -3.977e-05 83.88208 446.7136 0.0006589 0.0001923 79.18166 286.4565 -0.0007079 -0.000981
80.96185 1401.92 0.0007146 1.09e-05 82.31914 666.7747 0.0003676 4.369e-05 84.25489 448.3869 0.000522 -0.0002109 79.56785 287.4645 -0.0009778 -8.999e-05
81.28971 1411.71 0.0003043 -8.562e-05 82.78173 670.7466 0.0004167 -6.594e-05 84.64009 450.0603 0.0006199 0.0001454 79.92795 288.4726 5.136e-05 0.001138
81.60578 1421.499 -7.177e-05 3.695e-05 83.21168 674.7184 0.0001994 7.36e-06 85.00283 451.7337 0.0008468 -0.0001166 80.30044 289.4806 -0.0004281 -0.001288
81.90875 1431.289 0.0002777 7.08e-06 83.67165 678.6903 4.895e-07 1.559e-05 85.37124 453.407 0.0002531 -0.0001309 80.66477 290.4886 -0.0002815 0.0002478
82.23322 1441.079 0.0002669 -2.337e-07 84.10767 682.6621 7.482e-05 -2.326e-05 85.74696 455.0804 0.0005063 0.0002221 81.0355 291.4967 0.0002396 0.0009325
82.56253 1450.869 0.0002647 -1.943e-06 84.56254 686.634 -0.0002374 1.539e-05 86.11691 456.7538 0.0004576 -0.0004184 81.40192 292.5047 9.548e-05 -0.0009475
82.87643 1460.659 0.0002912 2.217e-05 84.99969 690.6059 0.0001727 7.654e-05 86.49317 458.4271 4.313e-05 2.241e-05 81.7806 293.5127 -0.0003383 -5.275e-05
83.17844 1470.449 0.0006319 2.384e-05 85.4402 694.5777 0.0002141 -4.729e-05 86.86589 460.1005 0.000304 0.0001481 82.16037 294.5208 -0.0003515 0.0001568
83.50219 1480.239 0.0007579 6.338e-05 85.88896 698.5496 0.0002107 -4.238e-05 87.23577 461.7739 0.0006341 6.738e-05 82.51432 295.5288 -0.0002826 0.0004609
83.82221 1490.029 0.001478 3.393e-05 86.32468 702.5214 -0.000138 -5.836e-05 87.60758 463.4472 0.0004353 -6.202e-05 82.89554 296.5369 0.0004464 0.0005058
84.11762 1499.819 0.0008624 -7.445e-05 86.76709 706.4933 0.0003927 3.439e-05 87.99066 465.1206 0.0004858 -0.0001138 83.28348 297.5449 -9.154e-05 -0.000612
84.46025 1509.609 0.0006726 8.544e-06 87.20838 710.4652 -0.0001163 -0.0001872 88.36271 466.794 0.0002386 -5.305e-05 83.64172 298.5529 -0.0003123 -0.00047
84.78197 1519.399 0.0004761 -8.262e-05 87.64432 714.437 -0.0002347 -2.142e-05 88.73946 468.4673 -2.622e-05 -0.0003732 84.01786 299.561 -0.0007255 0.0007263
85.08958 1529.189 -0.0001854 -2.38e-05 88.09334 718.4089 0.000281 0.0001584 89.1251 470.1407 0.0001584 0.0003439 84.42268 300.569 -0.0002256 -0.0001238
85.3875 1538.979 0.0001721 9.481e-05 88.52089 722.3807 0.0001443 -0.0002706 89.49349 471.8141 0.0003395 -0.0002689 84.80533 301.5771 -0.0002486 8.742e-07
85.72108 1548.769 0.0005434 -5.041e-05 88.96819 726.3526 -0.000221 -3.931e-06 89.87314 473.4874 0.000222 7.892e-06 85.17548 302.5851 -0.0002485 -1.033e-06
86.04464 1558.559 0.0004175 6.361e-05 89.40503 730.3245 -0.0001638 9.975e-05 90.25708 475.1608 0.0001767 -0.0001029 85.56127 303.5931 -0.00028 -0.0001214
86.36678 1568.349 0.00102 -1.71e-05 89.84625 734.2963 0.0004485 -2.296e-05 90.62814 476.8342 0.0004145 0.0003257 85.94842 304.6012 0.0001445 0.0007607
86.68078 1578.139 0.0006406 -2.305e-05 90.2733 738.2682 7.258e-05 -6.002e-05 90.99911 478.5075 0.0004648 -0.0002403 86.33046 305.6092 0.0003713 -4.202e-05
86.99643 1587.929 0.0009047 8.307e-05 90.72852 742.2401 0.0002657 6.701e-05 91.38482 480.1809 0.0001722 0.0001011 86.73373 306.6173 0.0008366 0.0005775
87.31233 1597.719 0.001728 4.879e-05 91.14631 746.2119 0.0005921 4.669e-05 91.76678 481.8543 0.0007495 0.0003321 87.13559 307.6253 8.825e-05 -0.000439
87.63729 1607.509 0.001876 -1.168e-05 91.58447 750.1838 0.0005753 -6.098e-05 92.14883 483.5276 0.001092 3.026e-05 87.51605 308.6333 0.0002984 -0.0004561
87.95881 1617.298 0.001918 2.747e-05 92.00123 754.1556 0.0002321 -5.28e-05 92.51418 485.201 0.001034 -9.849e-05 87.9169 309.6414 0.0005943 0.001026
88.26607 1627.088 0.002398 5.852e-05 92.43487 758.1275 0.0001872 2.623e-05 92.89782 486.8744 0.00103 0.0001725 88.29839 310.6494 0.001086 -0.000343
88.58842 1636.878 0.002686 3.8e-07 92.85844 762.0994 0.0005087 7.744e-05 93.2725 488.5477 0.001342 2.718e-05 88.69062 311.6575 0.0004785 -0.0004692
88.90844 1646.668 0.002678 -9.999e-08 93.28549 766.0712 0.0005998 -1.626e-05 93.66611 490.2211 0.00148 0.0001905 89.09993 312.6655 0.0003955 0.0003291
89.228 1656.458 0.002516 -4.084e-05 93.7043 770.0431 0.0005781 -6.124e-06 94.05005 491.8945 0.001722 -5.066e-05 89.4874 313.6735 0.001085 0.0002507
89.53525 1666.248 0.002522 2.029e-05 94.13424 774.0149 0.00083 8.712e-05 94.41624 493.5678 0.001937 0.0001992 89.87423 314.6816 0.001062 0.0001253
89.86138 1676.038 0.002767 2.818e-05 94.55329 777.9868 0.001044 4.61e-05 94.80167 495.2412 0.002007 -0.0001639 90.2846 315.6896 0.0006905 -0.0009535
90.17665 1685.828 0.003078 7.83e-06 95.00473 781.9587 0.001355 4.636e-05 95.20057 496.9146 0.002046 8.803e-05 90.67701 316.6977 0.001045 0.001861
90.50111 1695.618 0.003065 -1.775e-07 95.43134 785.9305 0.001577 0.0001011 95.57388 498.5879 0.002143 0.0001453 91.09219 317.7057 0.0007391 -0.00167
90.82575 1705.408 0.003048 3.069e-06 95.86608 789.9024 0.001808 -2.167e-05 95.97675 500.2613 0.00245 4.139e-05 91.49714 318.7137 0.0008485 0.0006335
91.12785 1715.198 0.003327 3.48e-05 96.28656 793.8743 0.001824 5.743e-05 96.36278 501.9347 0.002579 0.0001751 91.8846 319.7218 0.001036 8.035e-05
91.45111 1724.988 0.003542 2.67e-05 96.71438 797.8461 0.002163 5.281e-05 96.7362 503.608 0.00285 -8.473e-05 92.28356 320.7298 0.001604 0.0002626
91.75651 1734.778 0.003845 2.205e-05 97.14934 801.818 0.002183 -6.634e-07 97.13031 505.2814 0.003029 0.0003675 92.69297 321.7378 0.002117 0.0006154
92.05363 1744.568 0.00403 3.095e-05 97.58052 805.7898 0.002138 -3.879e-05 97.50711 506.9548 0.003619 8.555e-05 93.10237 322.7459 0.001418 -0.0006242
92.38635 1754.358 0.004982 0.0001416 98.01912 809.7617 0.002677 0.0002374 97.90924 508.6281 0.003594 -1.41e-06 93.50453 323.7539 0.001615 0.0003356
92.70869 1764.148 0.005982 4.219e-05 98.42825 813.7336 0.003398 6.636e-06 98.30516 510.3015 0.003548 2.974e-05 93.92236 324.762 0.001869 0.0009504
93.02745 1773.938 0.006268 2.589e-05 98.85447 817.7054 0.003385 6.08e-05 98.67885 511.9749 0.004084 0.0004302 94.32753 325.77 0.003008 0.0001709
93.35478 1783.728 0.006733 6.785e-05 99.28673 821.6773 0.003691 0.0001063 99.05946 513.6482 0.004357 -5.944e-05 94.74516 326.778 0.002966 5.856e-05
93.68552 1793.518 0.007405 4.735e-05 99.71295 825.6491 0.004511 0.0002808 99.47011 515.3216 0.004343 6.747e-09 95.11951 327.7861 0.002679 -0.001504
94.03341 1803.308 0.008273 0.0001317 100.13653 829.621 0.005019 7.48e-05 99.8549 516.995 0.004343 -1.091e-05 95.53923 328.7941 0.002395 0.000852
94.36738 1813.097 0.009474 7.979e-05 100.56288 833.5929 0.005363 0.0001209 100.23928 518.6683 0.004403 0.0002755 95.94278 329.8022 0.002954 -0.0001204
94.68462 1822.887 0.01014 4.057e-05 100.99042 837.5647 0.005768 0.0001317 100.62392 520.3417 0.005045 0.0002237 96.36797 330.8102 0.003367 0.0007501
95.02518 1832.677 0.01057 6.362e-05 101.40784 841.5366 0.006554 0.0002404 101.01998 522.0151 0.005094 -1.94e-05 96.78589 331.8182 0.003608 -0.0001312
95.3596 1842.467 0.01143 0.0001531 101.81121 845.5084 0.007197 0.0003122 101.41219 523.6884 0.005078 0.0001262 97.20203 332.8263 0.003882 0.0007447
95.70643 1852.257 0.01337 0.0001711 102.24179 849.4803 0.008462 0.0002083 101.80288 525.3618 0.005671 0.0003498 97.60487 333.8343 0.004274 -0.0001144
96.03269 1862.047 0.01418 2.551e-05 102.65514 853.4522 0.008959 0.0002684 102.20561 527.0352 0.005955 0.0003447 98.03038 334.8424 0.004549 0.0007541
96.35447 1871.837 0.01471 0.0001021 103.06982 857.424 0.009917 0.0002059 102.59173 528.7085 0.006586 0.0001497 98.46117 335.8504 0.00461 -0.001294
96.69841 1881.627 0.01622 0.0002251 103.50445 861.3959 0.01073 0.0002593 102.98641 530.3819 0.006571 2.694e-06 98.88542 336.8584 0.003992 0.0006006
97.01948 1891.417 0.0182 0.0001465 103.90296 865.3678 0.01185 0.0002493 103.38804 532.0553 0.006846 0.0003914 99.31792 337.8665 0.00426 -5.429e-05
97.34844 1901.207 0.01908 8.555e-05 104.30278 869.3396 0.01266 0.0002028 103.7634 533.7286 0.007581 0.0003679 99.73935 338.8745 0.004309 0.0003868
97.69093 1910.997 0.02012 0.0001148 104.73661 873.3115 0.01375 0.0002891 104.16442 535.402 0.008171 0.000417 100.14864 339.8826 0.004922 -0.000133
98.02259 1920.787 0.02108 0.0001158 105.14412 877.2833 0.01497 0.0002946 104.55566 537.0754 0.008481 0.0001005 100.57868 340.8906 0.004315 -0.0005974
98.32748 1930.577 0.0225 0.0001465 105.54926 881.2552 0.01627 0.0004396 104.94389 538.7487 0.009004 0.0004649 101.0145 341.8986 0.004441 0.0005922
98.67645 1940.367 0.02359 0.0001042 105.95512 885.2271 0.01823 0.0004177 105.35301 540.4221 0.009491 0.000224 101.43172 342.9067 0.004931 -0.0001109
99.01008 1950.157 0.02469 0.0001158 106.36891 889.1989 0.01966 0.0003525 105.74216 542.0955 0.01006 0.0005351 101.85236 343.9147 0.005041 0.0008505
99.33884 1959.947 0.02581 0.0001305 106.77773 893.1708 0.02113 0.0003904 106.14492 543.7688 0.0107 0.0002408 102.28125 344.9227 0.006217 -0.0001093
99.67929 1969.737 0.02709 0.0001162 107.18573 897.1426 0.02279 0.0004211 106.52644 545.4422 0.01106 0.0003932 102.71701 345.9308 0.005587 -0.0005414
100.00324 1979.527 0.02825 0.0001513 107.55516 901.1145 0.0246 0.0004797 106.91893 547.1156 0.01203 0.0004202 103.13114 346.9388 0.00555 0.0007165
100.34892 1989.317 0.02983 0.000166 107.97665 905.0864 0.02706 0.0006887 107.30846 548.7889 0.01235 0.0002947 103.57444 347.9469 0.006756 0.000998
100.66858 1999.107 0.03141 0.0001728 108.38272 909.0582 0.0293 0.0004001 107.72326 550.4623 0.01305 0.0002887 104.01694 348.9549 0.006825 3.996e-05
100.99031 2008.896 0.03375 0.0002513 108.78817 913.0301 0.0312 0.0005273 108.10851 552.1357 0.01399 0.0006259 104.43092 349.9629 0.006828 -1.655e-05
101.33174 2018.686 0.03596 0.0001947 109.18719 917.002 0.0334 0.0005504 108.5052 553.809 0.01476 0.0001927 104.87168 350.971 0.006859 0.0007596
101.66212 2028.476 0.03805 0.0002014 109.56654 920.9738 0.03558 0.0005657 108.91506 555.4824 0.01547 0.0004747 105.30917 351.979 0.008073 0.0008156
101.99216 2038.266 0.0403 0.0002609 109.97882 924.9457 0.03803 0.0007029 109.301 557.1558 0.01598 0.0002644 105.73855 352.9871 0.008228 0.0006638
102.31319 2048.056 0.04286 0.0002461 110.37649 928.9175 0.04086 0.0006844 109.70291 558.8291 0.01676 0.0005523 106.16063 353.9951 0.008791 0.0002016
102.66316 2057.846 0.04523 0.0002403 110.77319 932.8894 0.04366 0.0007597 110.10526 560.5025 0.01749 0.0004558 106.58616 355.0031 0.008722 0.0001633
102.96276 2067.636 0.04766 0.0002877 111.15944 936.8613 0.04688 0.000895 110.49856 562.1759 0.01826 0.0004162 107.04413 356.0112 0.009285 0.0006288
103.31867 2077.426 0.05037 0.0002594 111.54951 940.8331 0.05051 0.0009008 110.89895 563.8492 0.01923 0.000633 107.47535 357.0192 0.009398 -0.0001088
103.65976 2087.216 0.05281 0.0002695 111.95043 944.805 0.05407 0.0009457 111.28801 565.5226 0.02041 0.0009803 107.91867 358.0273 0.00954 0.0006205
103.98226 2097.006 0.05596 0.0003386 112.33837 948.7768 0.0579 0.0009527 111.69211 567.196 0.022 0.0007108 108.35133 359.0353 0.01008 7.811e-05
104.30281 2106.796 0.05896 0.0002771 112.72086 952.7487 0.06178 0.001066 112.08965 568.8693 0.02303 0.0007201 108.78293 360.0433 0.01004 -4.014e-06
104.63852 2116.586 0.0621 0.000369 113.11694 956.7206 0.06624 0.001104 112.48039 570.5427 0.02429 0.0008293 109.22361 361.0514 0.01019 0.0006482
104.96233 2126.376 0.06562 0.0003457 113.50847 960.6924 0.07039 0.001039 112.8626 572.2161 0.02553 0.0007578 109.66476 362.0594 0.01071 6.961e-05
105.29329 2136.166 0.06903 0.0004014 113.89653 964.6643 0.07474 0.001218 113.25405 573.8894 0.02696 0.0009684 110.1138 363.0675 0.01065 3.132e-05
105.6249 2145.956 0.07309 0.0003914 114.28907 968.6361 0.0796 0.001179 113.66455 575.5628 0.02857 0.001287 110.54721 364.0755 0.0111 0.0009701
105.94503 2155.746 0.07672 0.0003751 114.66041 972.608 0.08422 0.001247 114.05067 577.2362 0.03095 0.001396 110.99588 365.0835 0.01248 0.0008366
106.29316 2165.536 0.08045 0.0004127 115.06207 976.5799 0.08933 0.001267 114.45892 578.9095 0.03293 0.001264 111.43983 366.0916 0.01257 2.961e-05
106.59061 2175.326 0.08478 0.000455 115.45565 980.5517 0.09444 0.001337 114.84594 580.5829 0.03511 0.001267 111.8806 367.0996 0.01367 0.001191
106.95148 2185.116 0.08896 0.0004233 115.82534 984.5236 0.09993 0.001432 115.22924 582.2563 0.03722 0.001354 112.32287 368.1076 0.0139 0.0003456
107.28474 2194.906 0.0931 0.0004267 116.21752 988.4955 0.106 0.001523 115.62512 583.9296 0.03968 0.001575 112.76035 369.1157 0.01441 0.0005341
107.58275 2204.695 0.09739 0.0004632 116.6073 992.4673 0.1117 0.001398 116.03368 585.603 0.04265 0.001972 113.21811 370.1237 0.01547 0.001014
107.91504 2214.485 0.1019 0.0004674 116.96538 996.4392 0.118 0.001631 116.43729 587.2764 0.04561 0.001621 113.66842 371.1318 0.01625 0.001056
108.26452 2224.275 0.1071 0.0006145 117.36917 1000.411 0.1243 0.001496 116.81787 588.9497 0.04832 0.00167 114.09949 372.1398 0.01715 -0.0004134
108.59339 2234.065 0.1128 0.0005055 117.73343 1004.3829 0.1305 0.001622 117.21598 590.6231 0.05145 0.002147 114.54133 373.1478 0.01779 0.0016
108.90888 2243.855 0.1175 0.0005036 118.11996 1008.3548 0.1372 0.001732 117.60882 592.2965 0.05511 0.002261 114.99373 374.1559 0.0194 0.001137
109.2519 2253.645 0.1228 0.000581 118.50895 1012.3266 0.1438 0.001567 118.01341 593.9698 0.05914 0.002577 115.44787 375.1639 0.02018 0.000685
109.57519 2263.435 0.1286 0.000591 118.87939 1016.2985 0.1505 0.001907 118.40572 595.6432 0.06361 0.00275 115.90698 376.172 0.02077 0.0007198
109.89695 2273.225 0.1344 0.0005869 119.25056 1020.2703 0.1593 0.0026 118.79658 597.3166 0.06825 0.002783 116.35868 377.18 0.02198 0.001146
110.20479 2283.015 0.1404 0.0006545 119.64201 1024.2422 0.1701 0.002542 119.19862 598.9899 0.0728 0.002538 116.80932 378.188 0.02268 0.001952
110.56532 2292.805 0.1469 0.0006568 120.00065 1028.2141 0.1791 0.001931 119.59905 600.6633 0.07681 0.00232 117.25123 379.1961 0.02513 0.0007906
110.87688 2302.595 0.1535 0.0007166 120.37077 1032.1859 0.1867 0.001879 120.00201 602.3367 0.08053 0.002041 117.71093 380.2041 0.02628 0.00146
111.20798 2312.385 0.1607 0.0007591 120.75782 1036.1578 0.1954 0.002515 120.38026 604.0101 0.08424 0.0026 118.15718 381.2122 0.02738 0.001022
111.55506 2322.175 0.1686 0.0008275 121.13615 1040.1297 0.2061 0.002562 120.78449 605.6834 0.08871 0.002533 118.61826 382.2202 0.02885 0.001368
111.87871 2331.965 0.1763 0.000783 121.5042 1044.1015 0.2159 0.002441 121.18575 607.3568 0.0929 0.002614 119.0622 383.2282 0.02988 0.00145
112.20871 2341.755 0.184 0.0007855 121.88734 1048.0734 0.2258 0.002636 121.56571 609.0302 0.09766 0.003142 119.50755 384.2363 0.0321 0.002536
112.53109 2351.545 0.1917 0.0007873 122.23868 1052.0452 0.2364 0.002581 121.98812 610.7035 0.1029 0.003051 119.96609 385.2443 0.03449 0.001943
112.85337 2361.335 0.1995 0.0008174 122.60147 1056.0171 0.2465 0.002685 122.38757 612.3769 0.1079 0.003004 120.42491 386.2524 0.03628 0.001845
113.1917 2371.125 0.2076 0.0008148 122.97938 1059.989 0.258 0.002856 122.7768 614.0503 0.1133 0.003425 120.89369 387.2604 0.03882 0.003435
113.50965 2380.915 0.2157 0.0008406 123.36286 1063.9608 0.2689 0.002755 123.16531 615.7236 0.1192 0.003742 121.32671 388.2684 0.04175 0.002093
113.84506 2390.705 0.2242 0.0009158 123.71875 1067.9327 0.2804 0.002948 123.55512 617.397 0.1256 0.003777 121.77428 389.2765 0.04403 0.00304
114.17583 2400.494 0.2333 0.000954 124.09328 1071.9045 0.2922 0.003044 123.96817 619.0704 0.1319 0.003737 122.24279 390.2845 0.04715 0.002817
114.50224 2410.284 0.2429 0.001043 124.47427 1075.8764 0.3044 0.003086 124.35417 620.7437 0.1382 0.003947 122.69789 391.2926 0.05073 0.004418
114.83505 2420.074 0.253 0.001022 124.81927 1079.8483 0.317 0.003237 124.7594 622.4171 0.1454 0.004303 123.17595 392.3006 0.05516 0.004198
115.16053 2429.864 0.2636 0.001154 125.18956 1083.8201 0.33 0.003298 125.15662 624.0905 0.1522 0.003833 123.63688 393.3086 0.05978 0.004906
115.49208 2439.654 0.2744 0.001019 125.55298 1087.792 0.3432 0.003378 125.56018 625.7638 0.1596 0.004701 124.09231 394.3167 0.06511 0.005751
115.82705 2449.444 0.2844 0.001059 125.92039 1091.7639 0.357 0.00356 125.98037 627.4372 0.1675 0.004824 124.55848 395.3247 0.07146 0.006569
116.14872 2459.234 0.2956 0.001214 126.29402 1095.7357 0.371 0.003339 126.36199 629.1106 0.1758 0.005088 125.02986 396.3327 0.07743 0.005773
116.47778 2469.024 0.3072 0.001128 126.65529 1099.7076 0.3845 0.003541 126.76622 630.7839 0.1844 0.005289 125.48542 397.3408 0.08362 0.006536
116.81683 2478.814 0.3176 0.001021 127.00586 1103.6794 0.3992 0.003743 127.16614 632.4573 0.1939 0.005915 125.94515 398.3488 0.09013 0.006805
117.13935 2488.604 0.3282 0.00116 127.38555 1107.6513 0.414 0.003735 127.57956 634.1307 0.2034 0.005669 126.40821 399.3569 0.09725 0.00694
117.46262 2498.394 0.3399 0.001195 127.75733 1111.6232 0.429 0.003896 127.96991 635.804 0.2133 0.006149 126.8939 400.3649 0.1034 0.005629
117.79807 2508.184 0.3515 0.001207 128.10447 1115.595 0.4454 0.004087 128.38689 637.4774 0.2238 0.006355 127.3555 401.3729 0.1092 0.005976
118.13707 2517.974 0.3635 0.001246 128.47211 1119.5669 0.4609 0.003771 128.80945 639.1508 0.2346 0.006513 127.82304 402.381 0.1153 0.005825
118.45754 2527.764 0.3758 0.001262 128.84247 1123.5387 0.4769 0.004163 129.19046 640.8241 0.2457 0.006836 128.28651 403.389 0.1212 0.006331
118.79016 2537.554 0.3889 0.001374 129.18783 1127.5106 0.4933 0.004128 129.59734 642.4975 0.2574 0.007169 128.74664 404.3971 0.1285 0.007317
119.12224 2547.344 0.4024 0.001353 129.543 1131.4825 0.5098 0.004206 129.98361 644.1709 0.2698 0.007199 129.20628 405.4051 0.1345 0.004927
119.44851 2557.134 0.4154 0.001343 129.91698 1135.4543 0.5265 0.004194 130.39994 645.8442 0.2816 0.007295 129.68799 406.4131 0.1411 0.007337
119.76818 2566.924 0.429 0.001431 130.26118 1139.4262 0.5427 0.003957 130.81191 647.5176 0.2946 0.008026 130.15408 407.4212 0.1483 0.0071
120.1179 2576.714 0.4428 0.00135 130.62388 1143.398 0.5592 0.004338 131.20886 649.191 0.3083 0.008364 130.62569 408.4292 0.1565 0.008711
120.444 2586.504 0.4557 0.001342 130.97476 1147.3699 0.5762 0.004286 131.62883 650.8643 0.3226 0.008644 131.11374 409.4373 0.1649 0.007834
120.76614 2596.293 0.47 0.001612 131.32423 1151.3418 0.5937 0.004527 132.03285 652.5377 0.3373 0.00903 131.57801 410.4453 0.1732 0.008894
121.09234 2606.083 0.4854 0.001505 131.67647 1155.3136 0.6113 0.004359 132.4335 654.2111 0.3528 0.009417 132.05241 411.4533 0.1824 0.009224
121.40574 2615.873 0.4999 0.001527 132.03607 1159.2855 0.6284 0.004318 132.84058 655.8844 0.3687 0.009745 132.5566 412.4614 0.1921 0.01055
121.74599 2625.663 0.5147 0.001473 132.38699 1163.2574 0.6458 0.004348 133.24061 657.5578 0.3853 0.01006 133.02894 413.4694 0.2028 0.01023
122.07471 2635.453 0.5292 0.001508 132.73527 1167.2292 0.6629 0.004295 133.66406 659.2312 0.4025 0.01054 133.51114 414.4775 0.2135 0.01123
122.40394 2645.243 0.5442 0.001565 133.08113 1171.2011 0.6802 0.004312 134.06684 660.9045 0.4203 0.01076 133.98728 415.4855 0.2244 0.01053
122.7173 2655.033 0.5592 0.001496 133.42681 1175.1729 0.697 0.004194 134.4648 662.5779 0.4385 0.01093 134.47112 416.4935 0.2356 0.01179
123.06289 2664.823 0.5739 0.001533 133.77525 1179.1448 0.7141 0.004384 134.87515 664.2513 0.4572 0.01163 134.95964 417.5016 0.2486 0.01316
123.39126 2674.613 0.5889 0.001538 134.11645 1183.1167 0.7308 0.004133 135.28768 665.9246 0.4754 0.0103 135.43567 418.5096 0.2615 0.01248
123.71823 2684.403 0.6041 0.001598 134.47585 1187.0885 0.7472 0.004189 135.69341 667.598 0.4931 0.01169 135.91211 419.5176 0.2744 0.01287
124.03091 2694.193 0.6198 0.001571 134.8136 1191.0604 0.7636 0.004049 136.11577 669.2714 0.5129 0.01206 136.39784 420.5257 0.2878 0.01366
124.35934 2703.983 0.6348 0.001511 135.15332 1195.0322 0.7795 0.003992 136.51278 670.9447 0.5334 0.01225 136.89656 421.5337 0.3017 0.01408
124.67294 2713.773 0.6498 0.001515 135.47858 1199.0041 0.7953 0.003867 136.92526 672.6181 0.5534 0.01203 137.37551 422.5418 0.3165 0.01501
125.01495 2723.563 0.6655 0.001669 135.82704 1202.976 0.8099 0.003589 137.33714 674.2915 0.5738 0.01223 137.86059 423.5498 0.3318 0.01521
125.34916 2733.353 0.6817 0.001538 136.16748 1206.9478 0.8244 0.0037 137.73893 675.9648 0.5942 0.01215 138.3529 424.5578 0.3475 0.01596
125.64956 2743.143 0.6965 0.001529 136.4998 1210.9197 0.839 0.00365 138.15373 677.6382 0.6146 0.01222 138.85225 425.5659 0.364 0.01552
126.00751 2752.933 0.7119 0.001617 136.84283 1214.8916 0.8534 0.003519 138.56744 679.3116 0.6351 0.01227 139.33004 426.5739 0.3776 0.01379
126.32012 2762.723 0.727 0.001481 137.1814 1218.8634 0.8669 0.003298 138.95891 680.9849 0.6556 0.01226 139.83406 427.582 0.3941 0.01777
126.6473 2772.513 0.7415 0.001493 137.51667 1222.8353 0.8796 0.003087 139.36761 682.6583 0.6765 0.01282 140.32556 428.59 0.4129 0.01905
126.96579 2782.303 0.7558 0.001468 137.83687 1226.8071 0.8919 0.003135 139.78419 684.3317 0.6973 0.012 140.8141 429.598 0.4312 0.01816
127.29273 2792.092 0.7704 0.001486 138.16458 1230.779 0.9042 0.002994 140.17715 686.005 0.7173 0.01172 141.29585 430.6061 0.45 0.01899
127.61671 2801.882 0.7845 0.001423 138.47566 1234.7509 0.9158 0.002997 140.58746 687.6784 0.735 0.01012 141.80123 431.6141 0.4694 0.01928
127.92973 2811.672 0.7984 0.001406 138.81221 1238.7227 0.9274 0.002769 141.00024 689.3518 0.7534 0.0115 142.29839 432.6222 0.489 0.01981
128.25748 2821.462 0.812 0.001374 139.14277 1242.6946 0.9378 0.002515 141.40102 691.0251 0.7721 0.01094 142.79181 433.6302 0.5092 0.02011
128.58684 2831.252 0.8257 0.001413 139.46841 1246.6664 0.9473 0.002383 141.8096 692.6985 0.7902 0.01067 143.28827 434.6382 0.5299 0.02059
128.90907 2841.042 0.8388 0.001234 139.79839 1250.6383 0.9566 0.002234 142.21714 694.3719 0.8078 0.01044 143.79162 435.6463 0.5504 0.02023
129.2211 2850.832 0.851 0.001309 140.11696 1254.6102 0.9648 0.001912 142.60759 696.0452 0.8253 0.01016 144.2815 436.6543 0.5723 0.0221
129.54598 2860.622 0.8641 0.001294 140.43223 1258.582 0.972 0.001725 143.00273 697.7186 0.8415 0.009302 144.79484 437.6624 0.5941 0.0214
129.85809 2870.412 0.8758 0.00113 140.76074 1262.5539 0.9785 0.001549 143.40287 699.392 0.8568 0.008995 145.28512 438.6704 0.6155 0.02112
130.18413 2880.202 0.8874 0.001177 141.07102 1266.5257 0.9843 0.001416 143.79684 701.0653 0.8714 0.00851 145.78901 439.6784 0.6372 0.02179
130.49191 2889.992 0.8986 0.001097 141.40544 1270.4976 0.9898 0.001287 144.18779 702.7387 0.8853 0.008015 146.27257 440.6865 0.6587 0.02114
130.80809 2899.782 0.9087 0.0009751 141.70563 1274.4695 0.9934 0.0006164 144.59203 704.4121 0.8983 0.007585 146.78344 441.6945 0.6803 0.02174
131.13476 2909.572 0.9178 0.0009095 142.01908 1278.4413 0.9951 0.000323 144.9627 706.0854 0.9108 0.007432 147.28906 442.7025 0.702 0.02102
131.46235 2919.362 0.9268 0.0009498 142.33203 1282.4132 0.9962 0.0002321 145.36308 707.7588 0.9226 0.006256 147.79265 443.7106 0.7234 0.02131
131.77859 2929.152 0.9354 0.0008063 142.64884 1286.3851 0.9968 0.0001188 145.72915 709.4322 0.9326 0.006006 148.29125 444.7186 0.7444 0.02086
132.10093 2938.942 0.9433 0.0009005 142.94563 1290.3569 0.9973 0.0001235 146.1255 711.1055 0.9431 0.006199 148.78518 445.7267 0.7653 0.02033
132.42146 2948.732 0.9512 0.0006846 143.25374 1294.3288 0.9981 0.0001603 146.5071 712.7789 0.9531 0.005697 149.27911 446.7347 0.7858 0.01969
132.73402 2958.522 0.9571 0.000602 143.55593 1298.3006 0.9983 -4.733e-05 146.88613 714.4523 0.9621 0.005083 149.78882 447.7427 0.8028 0.01609
133.04697 2968.312 0.9628 0.0005303 143.86844 1302.2725 0.9983 -5.137e-07 147.26794 716.1256 0.9701 0.004508 150.29654 448.7508 0.8214 0.01982
133.37206 2978.102 0.9677 0.0005066 144.16765 1306.2444 0.9983 2.518e-06 147.6338 717.799 0.9773 0.004042 150.79976 449.7588 0.8403 0.01841
133.68881 2987.891 0.9727 0.0004798 144.47031 1310.2162 0.9987 0.0001865 148.01888 719.4724 0.9835 0.003537 151.29704 450.7669 0.8588 0.01798
133.98193 2997.681 0.9772 0.0004478 144.7799 1314.1881 0.9991 1.467e-05 148.38475 721.1457 0.9892 0.003191 151.79727 451.7749 0.8763 0.01704
134.31965 3007.471 0.9815 0.0004044 145.07125 1318.1599 0.9991 1.3e-08 148.74648 722.8191 0.9938 0.002083 152.3083 452.7829 0.8942 0.01765
134.63569 3017.261 0.9854 0.0003999 145.38185 1322.1318 0.9991 4.119e-07 149.11226 724.4925 0.9963 0.00102 152.79381 453.791 0.9104 0.01513
134.93463 3027.051 0.989 0.000304 145.66548 1326.1037 0.9992 9.146e-05 149.47894 726.1658 0.9976 0.0006551 153.29953 454.799 0.9256 0.01468
135.27315 3036.841 0.992 0.0003254 145.98659 1330.0755 0.9995 2.129e-05 149.8316 727.8392 0.9983 0.0003868 153.79675 455.8071 0.9399 0.01357
135.59377 3046.631 0.995 0.0002824 146.29502 1334.0474 0.9995 -6.286e-07 150.19795 729.5126 0.9989 0.0002331 154.29174 456.8151 0.9531 0.01292
135.91287 3056.421 0.9971 0.0001625 146.60285 1338.0193 0.9995 -4.951e-07 150.55012 731.1859 0.9988 9.219e-05 154.79035 457.8231 0.9652 0.01079
136.20821 3066.211 0.9982 6.767e-05 146.90793 1341.9911 0.9995 5.147e-05 150.92097 732.8593 0.9994 0.0004288 155.28737 458.8312 0.9752 0.009288
136.548 3076.001 0.9984 -2.382e-05 147.208 1345.963 1 0.0001901 151.26037 734.5327 0.9997 4.617e-05 155.78403 459.8392 0.9839 0.007091
136.87635 3085.791 0.9988 6.268e-05 147.51167 1349.9348 1 -7.994e-06 151.61732 736.206 1 0.0001434 156.28269 460.8473 0.9895 0.00465
137.18727 3095.581 0.9992 -1.723e-05 147.81714 1353.9067 1 1.225e-14 151.97073 737.8794 1 -1.188e-05 156.77086 461.8553 0.9932 0.003099
137.51657 3105.371 0.9992 7.039e-06 148.11792 1357.8786 1 1.056e-22 152.31513 739.5528 1 3.003e-10 157.26373 462.8633 0.9958 0.001839
137.83322 3115.161 0.9991 -3.698e-05 148.42562 1361.8504 1 5.197e-17 152.64885 741.2261 1 3.418e-15 157.74885 463.8714 0.997 0.0007309
138.15091 3124.951 0.9988 -1.118e-06 148.74626 1365.8223 1 4.141e-07 153.00276 742.8995 1 -2.808e-20 158.24262 464.8794 0.9976 0.0006867
138.47946 3134.741 0.9988 3.578e-08 149.05646 1369.7941 1 -3.858e-05 153.34356 744.5729 1 -1.462e-24 158.72552 465.8875 0.9981 0.0003051
138.80191 3144.531 0.9988 -6.961e-07 149.36848 1373.766 0.9997 -0.0002023 153.70099 746.2462 1 2.002e-29 159.21801 466.8955 0.9986 0.0005788
139.13116 3154.321 0.9988 2.308e-05 149.675 1377.7379 0.9995 -4.627e-06 154.02928 747.9196 1 1.156e-25 159.68508 467.9035 0.9987 -3.223e-05
139.46415 3164.111 0.9991 3.237e-05 149.99009 1381.7097 0.9998 0.0002181 154.36288 749.593 1 -1.008e-19 160.17218 468.9116 0.9987 -0.0001248
139.78935 3173.901 0.9992 1.557e-05 150.30607 1385.6816 1 1.498e-07 154.71472 751.2663 1 -5.347e-15 160.6573 469.9196 0.9991 0.0007134
140.1231 3183.69 0.9995 3.584e-05 150.60974 1389.6534 1 -1.078e-10 155.0519 752.9397 1 9.318e-11 161.13027 470.9276 0.9994 -1.206e-05
140.44041 3193.48 0.9998 4.052e-05 150.93026 1393.6253 1 -4.016e-19 155.38035 754.6131 1 -2.871e-05 161.61972 471.9357 0.9998 0.0006661
140.78047 3203.27 1 1.68e-06 151.24669 1397.5972 1 -8.042e-08 155.72309 756.2864 1 0.0001522 162.09952 472.9437 1 -4.889e-06
141.10477 3213.06 1 8.572e-06 151.55534 1401.569 1 -1.786e-05 156.05495 757.9598 1 7.984e-05 162.57977 473.9518 1 -1.326e-07
141.43767 3222.85 0.9999 -6.353e-05 151.87409 1405.5409 0.9997 -6.558e-05 156.39354 759.6332 1 -1.043e-06 163.06244 474.9598 1 1.842e-10
141.77428 3232.64 0.9992 -3.342e-05 152.18928 1409.5128 1 0.0002157 156.72845 761.3065 1 -4.366e-09 163.53073 475.9678 1 -2.504e-13
142.10711 3242.43 0.9995 3.734e-05 152.50759 1413.4846 1 -1.696e-06 157.05431 762.9799 1 1.561e-05 164.01185 476.9759 1 3.339e-16
142.4365 3252.22 0.9996 -6.185e-06 152.80704 1417.4565 1 2.264e-15 157.39209 764.6533 1 -0.00022 164.48606 477.9839 1 -4.361e-19
142.75971 3262.01 0.9997 2.801e-05 153.12823 1421.4283 1 -2.007e-18 157.72943 766.3266 1 -3.215e-05 164.96189 478.992 1 5.516e-22
143.092 3271.8 1 6.397e-05 153.448 1425.4002 1 6.367e-21 158.076 768 1 9.879e-05 165.423 480 1 -3.207e-24
